111 11111, 11 1’ 11111, 111111111111111
11111, 1111111 11111 11 1111111 11 111 111.
11111 sam 1111111, 11111111 1111111 111
11111111 1111111; 11111111 111111 11111
11111 11 du 111111 11111111 111111,
1111111 111111 po 1111111111.
,111 11111 11111111 11 1111111 11111 111 11;
1111111111 111111 1111111111 11111.
Dubrovnik grad 111111 1 1111111111111
111111 bog 111111 1111111 11111111,
, gospodom 11111, 11111111 1 11111111,
11111111] 111111 11111111] 1 11111111,
11111 ga 111 puna 11111, 1111 1111111, ’
1111111111 111 1111111 111111 11 11111 1111,
1111111111 1111111111 1111111111 11111,
1111111111 1111111111 111111 11 111111;
111111111111111111111111111111
1111111111 11111 11111 1111111111 1111111111,
1111111111 1111111111 11111111 11111,
1111111111 1111111, 1111 111111 1111111111.
Dubrovnika 11111 11 1111 111 11111,
111 11111 111111 11 Η111111 (11111.
11111 meod 11111111 1 prim' 111 1111111, '
1111111111 11111111 11111111 1111111;
1111111111 111111 111 111 prim' 111111111;
1111111 ga 1111 111111, 11111 1111111, 111111’;
11 mni prijet bit‘ 1 1111111, k 1111 prit' 1111111.
Γ11111 1111111 1 bogom; 111111111111. 60

8.

211111 1111111111111111111111 1111111111 11111111 Nikon 1111111111
1111111111 Hortensi] 1111111111 Η11111111 1111.

011 1111111111 1111111111 1111111
1111111111, 111111, 11 11111* 11111111;
111 1111 god ponovit' 1111 111 11 111111,

36 111.,111111111. 46 1111. 1111111111.51 111111]111.11111.56111111111]
1111. ,1111111111 P. 8. 1 1111111111 stoji 111111. 55 a 11 1111111111 1111111
1111111111 11111111 1111111. 40. U nadpisu 11111 u 111. ,Β1111111111111

 

