mmm PJESNI DL'HOVNE.

jer po 11111 1111111 1111111 11 1111111,
11111111 11111111 mira (1111111.

1)]11111 9.

(111111 111 11111111 1111, 11111111 1111111 ni,
primudri 111111 11111 u 1111111 1111111111
Gdi su sad 111111111111111111111111111,
po 1111111111 vike 11111111 bit zadosti?
(11111 11111 11111111 11 1111 1111111. 5
u 111111 111 11111 1111111 11111 1111111
8111111111 11111111 11111 11 1111111 11,
111 11 11 1111111 111 111111111111111111.
Vidim 11, 11111111 1 111111111111 111,
11111111 11111, 111111 11111, 11111 11 1111111111. 10
111111 111111111111111, ko 111 11 sada 111.
11111 11111 bez 111111 11111111 grem oblit‚
jer 111111 1111111111 11111 11 111 11111,
1111 1111 1111111111 11111111 1111111.
1111111111111111111111111111111111, 15 .
11 11111111 1111111111 111111 1111111111;
1111111111 dan 1111111 11111 111111,
1111 1111111 1 111111 111 111111 1111111111;
1111111111 111111 1111111111111111111,
neg 11 1111111 111111 111 1111111 11111111, 20
11111111111 1111 11111111 1111111
1111111111 1111111111 1111111111 1111111.
(1111111 11 11111111 11111111 1111 biti,
pal< 1111 11 dogodi 111 11111111 11 11111111
11111111111111111111] 11
111 11111111, 11111111 111111,1111111 1111 111111 111 ?
Ρ11ῠ11 111, 111 1111111 11111 11 po 11 111111,
11111111 nie 111111 111 11 111 11111 111.
11111111 111111 11, 11 1111111 1111111111
1111111 1111111 1 111111 11111 11111 30
,111111111111111111 111111111111, - ’
gdi se 111 111111 ni 11111111 111111,
u 111111 mir i 11111111 1 111111 1111111
1111 11 put 11111111111, 111111 11 11111.

11111111. 11 111111.

 

