1111101.

111110 110 11101010, 11011101 00 101111.
111 ’1110 00 11010 0101 poso, 11010 1010111 11011,
1 111010 sebi 10, 1001110 (10101 bit?
112 Koliko 11011011 1011010 10110100,
101 10 1111111 110 011011 0101010110110 1001
101 1111101101 11101 111 (1010110 10110110,
110 10 01110 01111011 i rugi 1111101110 11010.
Ι)0110 01011 11101 100 1011011 11011110,
1 110101 0101111100111010 0111001010. “
113 1101110 00110 ko 01011011, 11111100 01011,
1011101 00 11101, 1011100 00 1010111011.
111 (11101 001 11111111 0110110 1111100,
101 101111 dio ljudi iz radi 1110 gine.
S (1011110110 011111 1111 1 u njih 1101111 bit,
0110 1101 dai 11 1110101 00 (10101 rit.
Kad 1010111110ᾶο pod dobru sjen priti,
· od 01000110 bude 11001110 101111.
ἱ115 8101, 00 psi 110 11010, 0 11110101 101010,
’ 1110 00 10010 11110, 10111011011010.
116 Hti’ 1010 0111011 0 111010 1010111,
nu 1110 0110111 dati 110 1101101 100100 bit.
111 Ne samo ubog 100, ki 111010 110 ima,
nu 1010 ki pjenez 110111 bi da ima.
118 1110 101 101111 11101 11110101101111011,
1110101110 110101 11011011 1111011111.
1111101 1001 110 more, od 1010 1111100100,
(10110 1 njim od 11010 11111110 101110 100.
10110110 0101 111111, (1011Ιο 10 01010 1 njim,
10111 10111111, 111111 1 010111 010 00 011111,
11111100 11101100 01101, 10110 00 1101110111,
ni blago ni 111001 1111010110 1101111 ni.
119 1110 110 po 1011111101, nie 11101010110,
i 110 0110111011111, 010 1101110 110110.
150 10110101 0 1011101101101, 101011
1101110 01101011, dobro 1101111010 plati;
· 0111111 1101101111, ki 10100110 11011,
1011101101 u njih ni, dobro 111010 1101011.

112, 31110111. α. 1110110111οι 1011011, 01111 10 [1001110 101110.

 

