¹ 111616 6111166111.

u 6166 61111 616111 616116 6611116611.
161 16 66 16 61616 11111116 moliti,
16 1116116 6161616 116161 116 11661111;
16116 1111661111 vrh 1616116 61616 bit, 115
61 11616 166616 61161161661 66 661 6111.
Po putu 6111611611 1111611616166 61611
u 61166611 6161611616, 1116 661161 6116 11611,
'ne 66616 1161 611 1661161116 616 1116116
nu 161 611 11611611 61611116 116 1616 120
i 11616 611611 1611161 61616 116611
1616111 po 1661111 61611616 161611.
111616 Sion 6161 1166116111 6611161 ,
1116111 mir i 161 1 16166 nami dal,
1611 16 6111161111 16161 61 16111611,
ku 1611111 16111116, 66116111 na pospjeh;
16111661 16 1611111161 16166 put 6116111, ’
61611611 16116116116 61616 6111611611 bit.
011 16 66 1 slavi 11116166111616161,
161 16111 1 pravi budo 661 &init svoj.
’111 16 661111611661, 111 161161161116111,
gdi mu 16 666166 1161 1 1116 1166 6161611.
’111 16 66 111111, 111 66 16161 prodat,
za nas 6111161111 1616111 mir 66111 161;
1 1116 11116 11111611 16 mi 66 66116116,
nego li 1111611 da u viek budemo

· ¹ 6161161 6116116611 16161111616161,

ka 16 bit 16 16611, 616 16 66 111161 161,
1616 16 61 11116 16116611 61616 dil. ¹

11616 1111611116, 66116611611611 11116111.
16116 66 ljubi 6116161 616 11611 nas

66 1161111 6161 111611 11116 1616 116166,
no htiv 66 61 61616 1111616616 1161611,

ni 1116116 u 11616 616616 166611,
661116 66 16 tu 61161 1611611 11 16111,

1611661611661161 1161 6616 66116111.
1116 16 161 6611616111 16116616 16111111

1 1116 1161166 611161161611611111,
16 166 61611, 1616 ni od 1116 1111116116

16116161616611166616111616616, 150 1

 

