1111111 1111111111.

111111 grieh 1111111111, 1111111111 111111 111,
neg li rob ki 11111 1111111111 11 111111.
, 129 Ν11111111111 111111 11111 11111111111,
ako 1111 biti 1111, 11111 11111111 biti?
130 Β111111, 1111111 11111111 11111111,
11111 da 111111 1111 111111111111.
131 11111111 za 11111 111 11 11111 1111111
111111 dat svoju 1111 11111111 11111111111.
133 1111111111 11 1111, 11111111 1111111111,
11 1111111111, 111111 11 1111111 hoca.
133 11111111111111111111111111111 1 1111 111111,
1111111111 11111 11111 11111 111111 1111111.
134 Bez 111111111111111 (1111111 11111
1111111 111111 more ni 111111 11111111.
135 1111111111, 111111 111111 godi 111111 hod,
ter se 1111 1111111111 11111111 11 111 1111.
136 Ako 11-11 111111 1111111 neg 11111111,
11111 111111 111111 1111 1111111111 iti.
137 311111 1111 1111111 11 111111 1111111,
11111 godier 1111111 11111 11111111.
Ako 111 1111111111 111 drag i 1 11111111,
1111111 1111111, 111 11 11111 11 111111.
’1111 11 11111 1111111, 111111 11 1111111111,
11111111 1111111111 1 111111 111 god 1111.
Μ1111 11111111 1111111111111111111,
11111111 1111111 11111 grieh tvorili.
138 3111111111111111111111111 111 11111,
ako 111111 111111, za 11 111 11111 11111.
3111111111 prihudi govoro 111111,
111 111111 11111 1111 111111 11111111 11111.
139 3111111 1111 1111111111 11111111 111111,
1 1111111 srdjbe 111111 1111111.
3111111 1111 1111111111 111111 1 11111111
1111 111111111111 111 111 11111.

0111111111 111 godi 1111 11 11111111 glas,
111111, 1111111111 iz 1111, 11111111.
140 11111111 1111 1111 111111111111 11111

133, 2 1111111111. 1111111] 1111111. 1111111111 s.

 

