555555 5555555556.

52 1151555 55 51156111, 515 15 drago 551555,
51 155155151111, od 15 55 515 prima.
53 115151 51555 55515, 115 1151 vrh svoga
51551555 555515, 55511515 55 boga.
54 1151555 55 515 51511, da pridje dobro pak
5515 prie 555 551 5511 pogine i 5 51155 5551.
55 1111551555 115 (11511, 55 5555 ubog bit,
115 11 njih 555111, 55 5551155155 prit.
Γ115 15515 55155551 uho od uboga,
ion 55 555155 5551 1 555551 u boga.
Budi milosrdan‚ ako hoe' dai ti

555551151511 dan dil 55115 15115511.
56 151551555 5555511, 515 1555 (151551

5551555515 1551155511 51565155 od nebi.
Sa sviem 555651555115, i 5551 551551 115555,

151115 115 1151515, 151115 115 1’ 15 5555.
57 111153555555511 51551155 51551555,

55 5515 51511, 55 5555 515 t’ ima.
58 Od 51551515 5551555 5515551 1555155,
od 515 551565 55115 1’ 1 1551 suho.
59 0155111 555551 551 5 55115511 (1551515555,
1 uhom 5551115151 nego li jezikom.
60 511515 bude 1551115 5561515155111,
spomen' 551555 tad 1551 55555 15555 511;
1555511151 1551, neg druziem 51555551,

155 51515 5 tobi, 55155115 moi sam zuat.
61 Imo bi 5551 5551 56 555555 55511,

11 11511 kupi 11515 5555 55115156.
62 115 ima mudar rit: 55555 115 5155
5151 uado, 6555 5511, 511 115 zgodi 55.
63 1151565115 5556555 155, 5551 budi 51555511,

neg bla-go 51 515555 51 511155 55 551 5511.
61 115555 15515 1 5155, 5511 55 5155 51515,

555511 55515 155 5551555 5551515;
55 5556555 55155555 od boga 151 15 655,

55 555515 11 5555, 51 more prit nigdar.
65 1155515 51515111555 55 ima 5515511,

155 551555 55 more od toga 1151115 1511;

54, 2 prio] 5155. 115115. 65, 15151 5511115 5551555 dodana u 55.

 

