20 00001 000000οι1.

(101010 0111001010 10011010 0110100.
7< 209 Prusae u brlogu 00010 (101 10000111,
01101001 01 nogu 00101 010 00100111.
210 110010 0100010111 ti, 1000 0101 00011 0011,
(101000110111, nego dobro primit.
211 Ρο11010110 10 trudno 0101, 0 10000 0101111
1100101 1010οἑ 001 00010101 11011111.
212 Ne more na sviti gore 010 bit nikad‚
00 0100100 neg priti 001110 111110 001.
213 Η11’ 1001100110101, 00 1101010010011,
tere 101 0001101111 0101010 0010011.
211 Hti’ dobro 000011, (10111 00 00100111,
jere 010 00 001011 1 00100 (10110011.
215 Oin' 1010 10111 pom, 1010 00-0’ 1001 00111,
1001001 biti 00, 110 100101 1101100 111.
216 Ne 10101 0100010111, 10 00010 100110
od 11010 0001 biti dat mu 10100 ku.
211 U 011 [101111110110101101111 100110,
000 njim 11001111, 00110110 011010.
218 81000, 1010 010 100011, 00 001001 0111010,
da je dobra 1000011101 101 111 00 more.
219 Α1ο 1 100101 biti 00110010, 00111010,
111011 0101011111010 00010 11010.
220 1110110000. 0101 1110110 0 tugu nepriti,
kada li prit 10110, 0001010 1011011.
221 8100011000 00101100 more 01000 00 0101,
neg dobro 1101011 1 (10100 pal< 000101.
222 Ubogu bolje 10 0110 mimo 0101011,
0011001000 001 0011 0 0001 100 predati.
223 111110 00 1100111101 10111 00 ima,
ni 000 0111111, 110 10 drago 011000.
221 U 10011001001100110110101110] 100001,
0 dugo 01 1 011011 [0110101101οο 100 10001.
225 Nigdar 1001 01 0000 00 10 00 10001011,
dobar l’ 10011000, 110 0’ 0010 101010
01000 0003101010, 0 10101100 0101 01011,
0001 00111 0 0001 dom 00 1011011 10101011,

221, 1-4 noma 0 rkp. 1.

 

