snm Psmu Poxonuuffl KRALJA 11111111.

1111111111 11111111 0111111111 11101 11101,
11111011 suspoli 1111111 111 101111
111 bi 1111 0111111 od 11011 10111011.
11111111 111 1111, da 111111 (111 11111111
1111111111 111111101111 11 1111111111
11101 ku 1111 hip 1111111111 1111111 ἱ
1011111 neg 11111) 111111111111.
111111111011111 bjehu 111111 1111111
stavili 11111111, 11 1111111 ispisal.
Jur 1111111111 1111111 01111111, da 111011
11111111 111 11111 11111111111011;
¹ 11111 111110 11111111111111 11111111.
111 1110 me 111 duh 1101110111 sireni,
, 1111111111 111 1111 111 1111 griehe 111111
1111111111 1111 011111 od 1111 (11111111.
Nu 111111 111111 11 110111 jim 11111 11
rad 11111 11111011 1111111 1111111111.
11111 111 111 111 1111111111 od 111111 11011111,
11111111 11111111 1111111111 111111111ς
111 111011 1111111 111 11111111111111111
1 primi 11111 rad 11110111 1111111111.
1111111 111 1101 101 10111111 1 111111
1 1111111 111111 1101 1111111 1111111111.
Jur 11111 1111111111 od 11111 prvoga 85
tri 1111111111111111 111111111111 111 boga,
111111 1111111111 1011111 bud 11111111Ι 111 11111111
1 11111 1111111111 1 (10111 11111111.

Paulam 2.

Svi da 11 11111111, 1111111 11 11101111 grih
i kim su 11111111 griehovi 11111 njih;
11111111 1111110111 11111111 111 1111111111,
1101111111 1111111 ni navrgo zgriefien’ja
i 1111111 u 111111 11 110111 ni 11111, 5
neg 11111111 111 (11111 po 11111 1 sliedi.
Eto 110 do sad 11 1111111111 1111111
1111111111 111 moja, bolos me 1110111111,
1111111 se 1111111111, 11110110 1111111,
11111 11111110 bolos 10111111111111111. 10

11

 

