555555 5555515555.

155 55 15 55515115 55 515 55551 55555 505 ,
njoj 5555 55555 511’, 55155515 bit’ i ja.
To li joj 511’ 5515 555555, 155 bujo,
551555 e'u bit’ 5555, 155 555 55151555.
1115515 tim 5555 1 55555 njih 55115,
5551155 555 1 more, ko 555 555 555515·5; 510
” 5 51515 1 5151, 0 gusto 5555555,
5555511 satiri, ο 5115 5155555,
5551155 555, 55551 moju podajte 55 55555
prid 5555555515, 51155115 koj 515;
5151155 555 351155, 5551 55515555 51 dajte: 515
55555 je 5511155551, 555515 55 1555515,
1555 551555 55555 5515555 551551,
5 55515 551 5555 5515 55 55515 55511

’ Nom 555 se 5 5555· 55555 po 5555· qm·

051 1511115551, 11 551555 55551551515 v

5551 sebi 55115551 55 5551511 511 55515. 520
115 je 5 5515555115 ljubav 555555,

reci 5555515155 raj mu 55555115551
Α 5555 5515 11 primi duh 15151 moj

i ovi 551515 555511, molim 15, 511 ovoj.

115οά51 se 115551 15551551 551555 551 51555 vila 5555 55555155555

v1LA1:

Ljubav 55555111 555 1555555 55511555, 525
5 55 5555 5551 11 115555 mi i vjeru,
koju mi 155515 55155515 5 1555,
155 mi 55 555555 55 5555 1 51555.
05 555115 pravi, 55551 51 15511511
5155555 1555551 1 vjere 55515 bil. ’ 530
Tvrdo 11 55555 555 5555155 555 5555,
5555 1’ 515 55 je 555 55 551 155 55555;
55 55555 55155151 55515 5 15555,
555 55 15 115 15151, 1555 55 555 5555.

1511ιὸ1 qa 51155

Ν 15515 55 55 515155, 555 55 55 151511 ’ 535
5511551555, 55 115 555115 55 55515 551511,

 

