PJESNI Booonsum.

1111111111] pade 111111; 11111 1111,
111 1111111 11 sade, 1 1111111ι ti 111111,
Ο 111111 vi. 11 111 111111111 111111, 551
11111111, 111 111 111 1111111 111111,
11111 111111 11111 1111111111 1111
11111111 111 111111, 11111 11 1111111,
1111111 1111 11111 11111 1111111
tuj 111111 11111 1111, 11111 11 111 1111111 160
1111111111 111 11 11111 1111111111,
nego je 111111 111, 11 11 ga napojit'3
11111 11 11111 111111 111111 111111
1111111 111111 111111 1111111,
1111111111 111 ti 11, 1111111111 t’ 1111, 565
11 1111111111 111, 11 111 11 tuj 11 11;
1111 11111111 1111111 111 11111,
1111 11 111 11111, 11111111111111111.
Μ ..... 1111 1111111111 111111 11111,
111 mre 1111 111111 111111 111 11111.
Tuj 111111 11 11111 11111111 1111111
1111111111111, 111 11111 1111111.
1111 11 111111111111111 1111111
1 11111ε 11 11111 1111 111111111,
1111111, 11111111, 1111111 1 Ρ11111,
111111111111111 1111111 111111 11,
111 1111 11 111 111 1111 11111111.
11111 111111 111 put 11 1111. “
U Aue 1111111111111111 111 11111,
1111111 11 1111 11111, 111111 11 11111.
Pilato 1111111 111 idem od zgore, ¹
1111111 11 11111 11 tegno 1111111,
1111111111111111111111111
1111111 11 1111, 11111 11 11111.
Pilato 111 1111, 11111111 11111 111
11 11 111 1111111, 11 111 11 11111 1111
1111111111 11111, 111 111111 111111
da ga 111 1111111111 11111111.
111111 1111111 11111111ῐί11 111,

119111. 1. 11111. 16911111111111 1111111. 573 11] ab. 1111.

 

