Ν

111111111111111111 a). 'Po 111111 godino 1868 (11. 1111 111111.
1111111111 1111111 1111 111. 228.) apo istiem 11111ρί11111 1111 11
1111111111. Ρ1111111111111111 1 1111111111111111111111111 1111111111
111111. 646, 11111111111111111111111 dr. Gj. 11111111 11111 11111
1111 111111 111.
U 01111, 11111111 godino 1872.
1111111111.

ΊΙ

1111111 81111111 1111111111.
l. .

1111111111111111111, 1111111111 11111111, 1111111 iz 11111 1111111111
1111111111111111111. Μ11111Ν111111111111111 11 god. 1405 i 1413 111
811111, 111111 1111111111 1111111111 1111111111111111111111 1111111
81111111 111111 111 21 1111111 1466111111 ¹) 81111111 111111111111
111111 111 11111111) 811111111111111111 11111111111111111 11 23 1111111
1447 1111111111111111111111 11111111 1111111111. '

0111 81111111 111 11 111 1111 11111111 111 11111111 111111111111111,
11113111 1 1111 isto 1111 11111. 0111 81111111 1111 111 1111; 11111111
1 111111111111111111111 81111111, 1111 1111111 Nikoli, od drugoga

11111, 1111 Ρ1111 1111111111111, 11111111 1111111111 111111111111. 01111
111111 1111111 imao 11 81111111 111111 sina: Augustina i 11111, 111-
·11111 11111111111111111111111 1111111111 111 1111111 111111 11111-
111111. ³)

111111111111111111111 1111111111111111111,1111111111 11 11 1 Ν1-
1111111111 glavno trgovinom. Ali i 111111 1111111 1111111 1111111 111
1111111111111111, 11 1111 1 drugoj 111111111 XV 11111 1111111111 11
111111 0111111111 11111011111111, 111 111111111111111111111111
1111 81111111 11111111111111111,11111111111111111111111, 1111111111
- 1111111 1 11111111 1 Β111111, 1111111111111111 1111111 1 1111111 god.

-..--—..-

1)Ρ1111181111111111111111. Ι, 61. 120. ΙΙ, 126. ·

9) 01111 11, 111.

3) 011 1111111111111111 811. 011111 Viri 1111111111111. Ι, p. 169. Rukopis
111111111111111111111 111111111111. 340. 1111111111 111. ,111111111“ 1111111
mojam mnienju 1111111111, 1111111111111111, ime 1111111111 11111111, 1111111
1131111 1111 Ρ11111, 1111111111111111111111111 (1111 Ρ111111. 101. 107. 158)
1 1411-11 god.

 

