11111111 1111111110111.

,1011 111111 11110111 11011111, 1101111111, 11

11111111111111 21110111 1111111111 1 1110111 ;
11111111 1 11111111, 111 00111111 01111111

had noge i 111111 11111111 111. 11111111.
i takoj 1111111 11111111 111111 pust-i.

1110 111011 1111111110 01111111 1111111111
Zgriessismo mi 11111, a za 1111Ι [10110111

11 side zgar 1 nebi 111 11111 1111111111]Ι 110111.
11111 1111111101 1111111010 i 11111110 111 11111

1 111111, 1111111 1011111111111 11111111, 20
11111111 0111111111 1111111 11111111 11110,

11011 01111 0011111111 1111111111 111 1111111
1111 11 1111101111· 1 11011111 11111

1111111, 1111110111 111111111111111 111 11111111
111, 1111111110 obruti, neg 1110110110 boga 27)

110 1111111 [10111111 11111111 1111 1111111111.
1111111101111111 i 1111ι 0111110

111111111111111, 1111111111
mni mi 11 u 111111 (111111111111011 glas.

ki veli: 01111111 110 111111 011 1111.
811111111111 1101. 1 dan 11· 111111 za 1111 1111111

1111110 je 0101111111, 1111111111 111111111 111111;
111111111111011 11, 11· 1111011 11 1111111,

11 11111111 1111111111111 0111’ 11111111,
iz 111111 111110110111 01111111 111111 11111

1111 11111110 10111 iz prsi 111111.
11111111 1111011111111111 11 111111

1111111 1111111111, 11011 1111 11111111.
111· boga 1111111 111011 1111101101111,

a griehe 11111 1 11011 111 11111111 01111111. 111
11011111 11 prave: 1111111, 11111111

11011111111111111111 1011111110 11111111. ·
’1111101 11 111111 111111111111111111 111,

ki 1011111 1111’·’ 1111 1111111111 1111111111.

15 1111. 1111101. 19111111, 111111111111111111. 20-21 1111011011. 0.

 

