11111011 0011110111.

11011 1110 10110111, 11111011 0011101100,
1011 11 1111011011 01010101 10110110;
1011110 101 10110100, 1010 11110 patiti,
u 111 sam 10 0100, 1111101101 prostitit
1101111101 da 101 11 00101100100111111
1110 10 6⁸ 10111111, vide& 100 01011;
jer je 110 1011110010 1010 1 1101110111,
neg li sve 1111010010 od moga 111011ς
101· 10 1010 1011111, za 10 10 ja molih, 25
11010 010 11 1010 1110111 (1101011111,
0 10 1010 10100111 1110110101001101,
011 11 11010 dil milosti 1101111101
za 10000 11010110, 11 0101010 1101101100
1111110111 11111110, 101010101011101100. 30
ψΜΜἪΜΜὼΜωὼΜ,
po sebi 111 00 bih mogo se 0111011,
da god 1111110111010 00 101111 00 010 1011,
1101101101 11110 1010 01101 1000011011.
A 1010 111010 10 (101010 11 do 11110 35
10 1001111, 10 111110 10 01000 11010110.

Ρ10100 14.

Probud' 10 10110101011001 1110101111οἏ
101 1110100 011010 0 11011 se 1111111110,
11101010001111010, da 11110101 101101 1111,
1101 10 00 01010 01 100010 boja bit,
110110 11101 10011 1001, 1111 11, 1111 1 111111, 5
1101101001 101 1110 0011 0101001 111101 0111. “
Κο010 su Trojani 11110110110101
1 1101011111011001, 111111101011010 ni?
110010 11 0110101011101101111110,
od ke e'e 111111101οἰ 11010 do 111101 10
, 10111010110110111 u sebi 11001111
1011101001 1001110111 vas 101 1110111010111.
810 101 10111 1111111011 1 posla pod 1001 1101
10 111011 0111011; 1010 1001 dana njoj.
Ι 11110 od 111011 00111101111111101ε 15
01011111, 1111110111 1010 nas 1011101.
Ο 101111 0001110, gorki 11 1110111 11101,

 

