18 1111111 1111111111.

172 Ρ111111Ι1 11 1111111111, 11111111 11111111;
1111111111 1111111111, 11111111 1111 1111111.
173 1111111 111111111111111111111111 111 111111
11111111 11111111 1 bit 1111111111.
174 7111111111 1111111, 111 11111111 1111111,
11111 111 dni 1111111 biti 1111111 111 111 111111.
175 11111111 1111111111111 11111111 11111111;
1111 1111111111 11111111, 111 san 1111111 spat.
176 01111 1111 11 11111111, 111111 11 1111111 mni.
1111111111 1111111 11111111 11111111 11 11111.
177 811111 11111 1 1111111111 su 11111 111111,
111 1111111111 11111111 ino najbolji jes stari.
178 11111111111111111111 111111 11 111111
11111 11111111 1111 dragand 11111 111 1111111.
179 'sko t’ 1111111 1111111111 1111111 1111111,
1111 11 1111111 1111; 111111 da 11 1111111 11111.
180 1111111111 1111111 11111 111 111111 11111111
1111111, neg 1111111, 11111111 11111111 111.
181 11111111 1111111111, 11111 1111111 1111111111
1111111111 1111111, 111 ih 11 111111 1111111 ;
ako ih sam 11111111 1111111 111111,
u 1111111111 111111 11111 11111111 innati?
Κ1111111111 1111 poda& 111111111111111,
1111111 mnu 1111 11111, 111111 11 111111 11111.
182 1111111111111111, 1111111111 11 1111111,
111 vas dan i 111 111 1111111111 11111111.
183 U gore 1111111 1111111111 lupaju3
gdi su bil’ kad 11111, potoei 111111.
184 N 1 misli 11111111 11111 1111111111
more 11 neg 11111 11111111 1111111111.
185 ·Βο111 11 po 1111111111 1 1111 111111,
neg li sto 1111111111 u druzieh gledati.
186 1111111111, 111111;1111111111 11111 1111;
11 se za rog 11111 a 11111111 111111.
187 811111 11111111 vil< 11111111 ο111111;
11111111 111 1111111, 11 11111111 11111111 dat.
188 11111111 1111 111111111111111 111111,
111111 11 1111111111, 111 1111111 11111111 ni.

180, 1 1111111111. 184, 1 1111, rlcp. a. 1111111111 ima. 188, 1 11111111.

 

