555555 5555555515.

1 5155115551155 po mnoga godifita.
555 usti svi 1515 55 55515 555 5155135115, 135
5 555555 5515555515155 51535155. ,
511551 5555 job 15535 govoren'je ovoj‚
15535 355 5555 35 5555 51515515 moj:
051 ki 5 meni 1551155 1515515,
5511155 pro& 51551 551511 35551555, 110
5555 555555 5551513551, jak 55555 pri 155535,
155515 151551, 15555 med 5515535. ·
Tere su 55555155 155551 555 555155, ι
55 55 me ki 555 5555515555 15515155.
115551511515555115515555151111, 145
155155 5115555511 5535515551. ⁸
'l'oli 15511 535155, prod 55551355 stoje
psovkami zovjehu 55511155 555 5535,
155 51551 1 51555, 15555155 me 15555155,
’ 15 hudo 515555 55 mene 55135155. 150
5113515155 gluh radi 5551135535
153 5555155 njih 55 551151 155535 5555535535,
neg 1513511 55535 rad 5511155 1355551
55 51 55 555551 1555 51155111 put pravi3
· 1155155 55 niem bih, 515155 55 85555515, 155
51 5515 35 mojih nigdir 55 51555511,
3535 55355515 155155, 15531 govorahu
5515551 151155, 5555 meni 55535155
15555315 5115155 51555551 5551553155
55515515 55 55515555551515551555155555355. 160
15515 55 55555115, jak 5553515 55 sam 35,
155515 5135 5 55111] nigdar 5515555535. ’
0 515551 5515 5553, 5 155135 55 nobes,
551115 11 555555 1553 1 13555515535 355;

1555 po 551355555135 ustrpljen'ju 165
55515 5511553555 55555515 515555535,

55 51515 551 5511, 1531 35 15155 555
1 551551 3555511, 5515551155 5551555.

11555 153 55 5551355 55515 5555555 35
51553555 55511355 55 moja moljen'ja, 170

165 5515535535 5.

 

