01111111 1011111 1010111110 11111111 11111111.

Α 1010 01110110 u 101111 1100101111,
101101011010110 00 01111111 1110101111,
nu 1111111110 10111110, 11010 00 bez 111010,
1 11111010 11111110 po sve dni 01101111] 10. 35
11011111 10 01110011, 11010 11101, 11010 1001,
101111010 11111οο11 0011011100ῑί 1110101,
1 11011110 0100 1110 011 11101111 1111011,
11011010 010111οι110 1 011111 1 01011.
Ι 0111011011111101 1101101 111111ορ111; 10
11011 011 sad 1101110101 1111110111 10 011011111;
11110111 1101111011, 110 10110 11011010
1101001111] iz usti 111 10 0100 111111010;
1 110 010 10010 1111110 0011010110
11011101101110 11010 1 1101110 0110001110.

Paulam 1.

Ρο11111111 dopusti‚ 110 11011110 0100 1110
1 1101110 101 0011 1101110110 110 11111,
1011110 1010 rad 11101110 jur 01011011,
1010 00 k tobi 0011 0 111011101111 01011011.
(1101 1010 1111011 10, 111 evilim 11011 11101, 5
, 11100 111010 1110101110111011111 10 za 0111 11101,
11 1111010 110111 11011101 1110110 1101101011,
111 u 01111111 110101 11101110 110110ρο011.
Budi mi 1111100111, 0101001111 1101011101,
1101101101, 101 sam 11111 1 01011011 0101101; 10
101 1010 100 11010 1101100010 0111110010
1101011 010 111010 101110 1111010010.
1110 00111 holan 100, 11101101 1110 01111011,
11 11011 111101 1100 111111 0101101011.
10111011 1110 1100111011 1 111010 11001001 15
01111111 1 110111 110110110111 111 111011,
1101 001110 0110101, 1011111 11101 11010,
11010011101111101, 10110111 010 111010.
’110111 0110 1101101 11101 110 11111101 11 11111,
010 dni 111 0101101 1101011111 111111. 20
11101101 1110 10111101 111011110111111,
1 10011111 1110111 1101, 110 0110111111 1101111011.
101 1111110 1110 110111, 01011011 moz’ 10110

55

 

