1111101.

189 Vee'i 10 trud odluku od 0101101111,
11011000 neg muku od 010111 101111.
190 Ρ1ο1111011101 1111101101 001101,
neg 101 se 10110011 10110111 011011.
191 11101011101111101 sa 011111 1011001111,
10101 101 100 11101 gdje ga 11 11010111.
192 Gora 00 1 1010100 0111111100 01110,
1 101101 0’ 01010011 1110110010 0101110.
193 Dobro 0010110000 001, 11 01011011
01 10011 1100010 010111111011.
194 Covjek 11111 101101, (1100110101 00110,
. 1000 000 1101, (111101 111110110110.
195 Ν 111010 1010111 00 01010 goj 01 1011,
010010 1111 11111 1000 jad i 001011.
196 111110 01011111 1011111100 101101111001,
daga 110 1111111 11 1011100 bude.
191 1111111001010111101101 00 0111 1101,
111 druga 111111 00100101 11011101.
198 0110111 10010 0111 1001111 1111011,
1011 10101111 111 1 0101111111.
, 199 ’1100011101 0101 dom 01 01010 11111111,
11111010 da bi koj' 0010110100 podati.
200 811111111100 more, 0111010 10 1011111,
01010 001 jak 10010 1111 11101 0101111.
201 8011111110 11011, nego li 1111101110
111001111101 11 0111, 1110 1101 0010111.
202 Ρ110 101011 10111 11011110101 1011;
11101 misal propustit naprieda 01111101.
203 ’1111010 0 11101110 rasrdjbu 011111,
1011111 (10110100 0101110101 do 010111.
204 Κ 1011 00 11101111 1011010 00 1101
01 100 jad 011111110101110 1011101.
205 101100 11011111 01011100 1111111111,
11110 01 01111 1011110100 ti.

206 1100110110, 111100 bud' 11011 gospodar3
1011100 1111 11111, 10 1’ 11101111101111.
201 Ρ1111101110111111, od 1011 111 00 001
- do mal 1101111111, da biga 1111 00 011101.

208 1110110111 0111111 01111011010 010 1110,

 

