1111611 1111116111.

u 1616161116111 usam, 11616 1161, 15
iu 11611 16 6111611 116161 bit sluga 1161.
0161 toga molju te, 1611611 meni 11

11616116116 pute, 161111 11161111;
1 16111 161 meni, 16116 66 16 1111111611
1111161116 616111, 16 t· 1311611116 budam 70
11161161 11161 61611 166 61111131161111611,
161 6616 1136 16616 1116 16 16611111,
16-1116 pod 1611 616 66 611111 6616111
666116 6 61111161 1161 16161111.
Κ161161 111661 16116116111161611 1111611, 75
ki u sni 16 1161 311611 611616 me i 1611;
161 6111111 61611611 1 1161 1111 1111111161,
6161111161 1611611; 61116 66 16161 ni,·
i 11611611161 11616 6166111611611111,
16116116 1611616 1616111 11111111, 80
16161 11 161111 11616166 61 16166
11161 1163161111, 6 116111 61616166166.
11161161 me 1161161 1161 161111 duh privasti
116 1611111 1116161161, 3116111116 nie 16611;
1 31161116 111616 11 111616 11636 161, 85
111161 11616166611 6111161 1161161 661,
1116111 1131 6166 1161 11111,
16116 161161 61636616 111 16 11661616;
111161 11116611 161111616116 16616
pogubi 1616611, 1116111611 11161616; 90
1 666116 66111 611611, 111 11111161 1616116
1616116116 1661161 1 61116 16 16116 ;
161 sam 16 po 116161 16111161 11111611
rab, 6111361161) 1161, 611 1161 1163111611
816111611611 11616116 113166 “ 95
161 61611 16 61611 166
1611111111 1111111 1166
661161631111161166ς
116 1616 1161111
poe' 1161111, 16311111
116116 16 1111616
61 1161 16 6116161 6111.

811116 61 11616616 1611611161.

 

