V .

1509 u 11111111111111 1 bogosloviji 11. Γ11111. 1111111111111111 imao
11 11111111111111111111111, 11111. Β11111111 1111111111 1111 1111111111
111111 1111111111111111111111111 11 8111111111, 11111111111111·
11111 (1 1216),11111111; 1111111111

011 111111 1111111, 11111 11 111111111111111111111111 11111111,
111111 1 1111111111, 1111111 1111111 1111111111 1111111111111111111 .
nego trgoveom.

11111111 1111 11 1 11111 111 1111111111 druge 1111111111171 11111111;
11111111111 1111111111ῖί 111111, 111 11 god. 1111111111. 01111-
111111 11111 111111 111111 11111111 11 11 nam 1111111 11111; 111

“ 1111111 11111 1111111 1111111 11111111, 1111 11 1111111111 1 mate<

1111111, 11111111111111111111111. 111 111 11111 1111111 1111111111
11 1111111111111111111111111 nego 1 111111 11111111111 mnogih
1111111111111111. 1111111111 methodo, 11111 1111111 11 Ρ11111111
(1 1161) 1 1111111 1111111011111111111111111111111 (11415) 111111
1 111111111111111111111111, 11111 11 11111111111111 1111 111111
1111111 111111 111111. 11111111111 1111 (1111111, 1111111111111111
11111 11111111111111 1111111 111111, 11111 1111111111111111111111
111111111111111 11111111, 1111111111111 11111111 1111111111νί1. Α
11111 1111111111111111111 111, 111111 1111111111, 111111111 1111-
11111111, 111111 11 11111 1111111111111111111111 1111111111 1111111
1111111 1 11 11111111111111111 11111111111111111111 1111111. Κ111
11 11111111 111111 1111111111 111111, 1111111 111111111111111 111111
’ 111111111111 111111, Ρ111111 11111111 1111111111.

1111111 1111111 11 111 11111111 111111111111,Ι 11111 111111111111
1111111 1111111111111 111111 111111 111111111 1111111. Ρ111111-
1111111111111111 111111 1111111 111. 11. 01111111, 1111111, 11111111
111111 Β11111, Κ1111 Ρ111111 11111111 311111 111111 11111111 1111-
11111; 1111111111 1111111ῐί 1111111 111111 11 1111111 11111111
1111111, ,1111111111 11111111 Μ1111111111111111111 1111111111, 111111 11
1111111111111111 o 1111111111 1111 11111111111111111. Da 11 11111-
1111 11111111111111111111111111 1 11111111111111-21), imao 111111
11 111111 1111 1111111 1111111111, 111111 11111111, 11111 11 11111
111111111111.

, · 1111111111111111111111111111 1111111111111,’11111 111 1111111 ’

11111111 1111111 1 111111111, 1111111 1111111111111111111111 11111, 11

11 mu 1111111111 11 111111 1111111 1111111 1111111111111111 1

111 1111111 11111111, 1111111 11 111111111111 1111111 11111111, 11111111
11 11 111111111111111111111 111 111111 1111111111 1111111111 11111111

 

