666111 6616611 6611666166 666661 616166. 69Ὶ

1661616 1.

116111 me 166116616 6611166166 16616 mod
166116 66116616 166 116116 11 tobi 1161
11166 166 666161 61116161 61111111
od 616616, 11616 1661, 61 661661 61 6116111.
U ki mu godir dan glasim 161116 111616, 11
od 61666 666161 666 61111161 6116 16616;
1 6 111 godir 166 11611616 16 16 66611,
611616 11161 1116161 glas hoti' 66111611.
161 pravo 1611161161, 16166 66 661 16661
6166611616 1611661116 pri'd 61611661, 6161111111 10
1616 66 1116116611, 116116 6661 66116161,
6611616 66116611, 1611 jedna 66116 61661.
166 16 1161616116 jak 11616 od 61616
1 666661 jak 61666 161666661661116,
161 1166161 66 6166111, 11616 161 gn'eh 6111611, 15
1616 6616666111 111161) 6161 1116166611,
1111611661 161161, 6 116111 66 616611 666,
1661 11616 1661161, 6611661611 66 166.
Ρ6111661 od Ι11616 16 3166666161] 1661
116611 11166616 11 11611 1661 prigrefinoj 20
166166οὲ1 trud i jad 6161111 toga dil,
16111 66 1116 16 glad 66 6616 dan patil.
11166161 66 16161116, 11616 11 16166 6161
6611166 1611661116 11161 3161611161] pomoo‘‚
11611111 od spasenja hljebom 66 1161116111. 25
Nu 16616 6611116616 6111611 nies' 6611611,
6116 66111 666 111616 6161116116616611, y
6666616 66611616 16616616 6616611. ’
11116166 166661 16 (1666111 11 6661
pod usta 6611 61616 6611111 11616 1661) ,
11111166 1166116161 ptici Ρ61111666,’
116 661611 16161666166161166 66 61666,
16 prsi 1611 66611611 116116 1116 1661111
1 616166 na pospjeh porod 6116111.
Α 161 6616 hoc'e 61616611161661661661 35
6 11161 6116161 66 611166 11616 666,
1 prem 116116 11111611 6 611111 111 sidi

 

