0000010000 00 0100010. ’

1 11011 100000 mi, 101010001101 mati
010011 sebi primi i u 00 010011.
Tim 101001 hoti' 1110100οο00 10011000
1 milo 011111011111110011 000 001000. 1
Pogledaj 0011100101 0010 1010011 515
1000 0000 0101010010 101010 01000011,
10 0’ 011 po 100101 0011000011101001
10010100 00 101101 1001 0 goti po 01001.

110 00011 000 u napus, neg li 000 00101011 oda 010. Amen.

, U ruci 101100 10, 01010, 1010 0001,
10 0000 00 10 0 10010 00110010 0100 001, 520
prid 001000 mi koja 01000100000001 0011,
1000101010 10010010 meu 100 0000111,
- 1011101 001 000110011 nami 1010011111
pri 10000 011100 01 0110100 gladan bil.
Ηο10 0101, 10 110100 1 miles, koju mi Ι525
· 10001000 0 10101000 0100, 10100111 100 00001;
1 10 0000 100 duge tegotne 00 10011
0100001111 101001000111 1010011.
Nu 010 0000 1000101 rit: 0 porat jur mirni
101 0000 10 00010 1011001000 001010101; 530
10 00010 100101011 100 0010010001,
11010010 010011 1000111 100011.
'siem 10101101100, 101 1100 110 0001000
10 0010 001100, zaupe: 10110, 00οι
1011 mi 1010 0011, 10100101 0ορ00 515
1010000 01010011, 00 01011 0010 0100,
’ 010111 mi 00000 0010000000οθωο
00 pospjeh 1000000 10 000 0110100000,
1 010ςο 00 000 mod 01000 moliti,
1010100 100001 0010010100 nam biti; 510
0 1010 000110010οη 110010 000ςο
0011101011 10 0 01000 00 1010 0110ςο
0110100 10110111, 00110101 00011 000
100100001010 1111 0100011 00010 100.
Dug 10 001001 101 1001001 1010000, 515

124 pri] rkp. prid.

 

