1011100.

1010 010 0010111001 1060 11010010 pride.
155 11110 00 00010106, 110 bude 0100111,
0 tugah 0001 10011 1111010110 00 01111.
156 Νο101101010 10010101 1 10101010 01010100,
010100ιο 1011 0101100110111010 100.
157 81060106010 01101, 1060 1111101061 se,
60 101101 01111 6011110 neg 1 01010 160011 00.
158 ’101110 0111010 0111 0101 00 01111,
. 1010110100 more 1061110 1111011.
159 Κο11 110100 01000101101000110110601,
10601 110 1100 mu dat 101 1οὁ 1101 00 10601.
160 6101010 110100 11010 00000 60 011010,
00 101000, 1011001011 101 06010.
161 81010 010 100 110110 0 110110οι neg 1100110110,
100 00 6110 0010110 0 00101100 11110110.
162 1101011110 10111100, 11001010111 0111,
nego li 1111100 ima se 01010111.
163 Ρο10101 0110010 00 60010 101010,
00 malo 101 00101111010110 01100010.
164 601101, 11 06 sebe 001101 01010000,
1111010106 10110 da 00 106 0110100001
165 110 0110101010 dan 0110111 10111010100,
110 010 bil' 0101100, 0 drugi 0010 100.
166 110 1001 61010010, 60 010100 10100100
. 10010, u 110010 1106061 00110600.
167 710110010000010 0010011010 0011110,
0 010110 010 01010 0101110100 1011110.
168 Rugaoeim narugat 11060 00 111011 zgar,
⁵ 0111001010 101100 601 11010 1110 01101.
169 Nemoj 10111016 0111010,1010111010
bez 001010 biti 00 011010 00 more.
170 ’.110 1101010011οό 100 1110 01101 pod 00111 1
00110110 110 10001100 1 1006100 000111.
110 11010 00 0110110011060 010111
00001010 1 1010011110 10 0011011.
171 30110 10 0100 06 1006100 neg 610010,
101 blago bit 60 1 prod, 0100010 nigdare.

167,1-2ovoqa 0110ιί110 nemu rlop. b.

8101111001 hmukl. V·

 

