POSLANICE.

111 11111 11111111 11 111111 111 1111111
nego 1111, 1111111 1 11111111 11111111 111,
111 mi 11 111111 1111 1111111 11131111,
11111 1111111111 1111111 1111, 111111 1111111 11111111
1111111111 1111 1111111111 11111111, “ 65
1111111111 11111111 prid 111 111 111111
mu 11111111,1111 1111111111 me 11111 11111,
111111 111111 111111111111111111 brat jedini3
1111 11111111 111111, 1111111 111 1111111111
1111111111ᾱηί u tugah 1111 111, 10
111 da su 111111 111 111111111111111111;
ino ti 11111 1111111 nego 111 111 1111111.
11111111, 1111111 11111111 blago 111 danae
11111111 1111 111 nego li 11111111 glas,
11111111 se 1111111111 11 potrudih 11111 1 1111 15
1111111113 moja 1111111111111111 11111,
sad me 11 111 1111111 bine vidjeti‚
ni 11111111 1111111111 1111111111 111 11111.
Aine 1111111 1 druge 11111111,
111 111111 1111111111 11111 1111111111 tire, 80
111 1111111 111111 11111111 1111111111
111 11111111 11111111 u 11111111 nodi 11111.
111111 ako meni hoc'’‚ od 111111111111
111111 (111 111 mo& 11111 dil 11111111,
11111111111111111111111111111111111111, 85 .
11111 1111111 111 111111, 11111 1111111 od zgar.
1111111 111 imam 1111111111 11111· drugu
nego 11 pridat' 11111 111 11111111111111.
1111111111 1111111111 1111111111 1 1111
moga 1111111111, dobroga 1111111111. 90
11111111 11 111 11111111111111111 1111
11111 godi 11111 11111111“; 1 1 bogom 1111111.

6.
1111111111 Ν11111 1111111111.

Κ111111 1111111111111111 111 111111
bude se 1 1111111 godi 1111111-111111111,

69 11111111 me] rkp. 11111111.

 

